1   -28.103  -29.884  -32.036 
1   -32.537  -60.258  -15.729 
1   -36.428  -62.941  -10.713 
1   -30.678  -67.468  -12.156 
1   -34.570  -61.527   -5.464 
1   -27.565  -36.032   21.961 
1   -41.851  -43.912   19.625 
1   -49.520  -58.235    5.043 
1   -60.655  -52.179  -10.500 
1   -48.189  -57.548  -19.453 
1   -39.564  -40.774  -32.339 
1   -67.907  -24.478   -7.810 
1   -30.154    0.307  -13.023 
1   -30.938    1.488   -2.953 
1   -32.759    0.385    5.814 
1   -67.844  -21.480   -6.448 
