1   -17.135  -33.882  -28.142 
1   -24.090  -56.547  -12.068 
1   -26.368  -58.109   -3.641 
1   -23.291  -62.561   -1.132 
1   -26.742  -56.373    3.632 
1   -19.175  -30.498   22.704 
1   -32.327  -36.731   22.087 
1   -37.648  -53.338    9.060 
1   -45.481  -52.990   -2.970 
1   -37.085  -55.718  -10.104 
1   -27.716  -42.830  -27.438 
1   -58.279  -27.389   -6.809 
1   -29.154   -0.593  -16.444 
1   -29.883    1.269   -7.898 
1   -31.038    0.619   -1.198 
1   -58.118  -26.994   -5.551 