1   -15.664  -28.583  -25.229 
1   -18.974  -54.502  -11.157 
1   -22.466  -57.594   -2.889 
1   -19.223  -61.268   -1.741 
1   -22.394  -56.027    4.071 
1   -23.957  -26.313   27.448 
1   -34.957  -38.334   25.524 
1   -37.716  -55.451    8.266 
1   -46.315  -54.047   -2.804 
1   -37.037  -56.150   -9.849 
1   -28.572  -41.734  -26.735 
1   -60.036  -28.352   -3.999 
1   -32.300    1.054   -7.437 
1   -34.947    1.156    1.282 
1   -36.890   -1.467    9.613 
1   -59.822  -31.402   -2.380 
