1   -27.411  -35.063  -31.943 
1   -35.540  -62.119  -14.461 
1   -41.290  -63.740   -4.897 
1   -34.227  -68.371   -4.814 
1   -35.966  -62.968    1.507 
1   -30.526  -34.978   25.671 
1   -43.908  -42.965   23.601 
1   -52.903  -57.365    9.509 
1   -60.491  -56.196   -2.215 
1   -51.213  -59.798  -12.445 
1   -44.634  -46.295  -28.020 
1   -70.773  -28.010   -3.641 
1   -34.289   -2.390  -14.075 
1   -35.627   -0.795   -6.968 
1   -35.786   -1.383    2.939 
1   -70.750  -27.596   -3.046 