1   -28.553  -49.705  -29.249 
1   -35.712  -73.655   -7.257 
1   -38.134  -74.441    0.448 
1   -33.829  -78.101    1.152 
1   -37.471  -72.641    7.773 
1   -32.127  -43.446   27.446 
1   -41.873  -50.645   27.162 
1   -47.090  -68.091   16.834 
1   -57.829  -69.388    1.443 
1   -45.682  -74.384   -4.226 
1   -38.304  -62.797  -23.823 
1   -71.407  -42.140   -4.103 
1   -37.337  -16.800  -17.529 
1   -37.568  -14.131  -10.658 
1   -39.141  -13.073   -0.098 
1   -70.981  -44.530   -5.458 
