1   -25.141  -33.348  -27.752 
1   -34.556  -61.150  -13.205 
1   -37.261  -63.464   -3.937 
1   -30.507  -67.762   -3.214 
1   -34.657  -62.336    4.582 
1   -27.389  -36.440   24.612 
1   -38.804  -48.084   22.969 
1   -46.489  -62.426    6.977 
1   -58.065  -58.069   -4.642 
1   -44.433  -62.321  -13.042 
1   -39.482  -46.841  -27.609 
1   -69.480  -31.495   -1.983 
1   -36.048   -2.406  -11.601 
1   -38.276   -1.091   -0.633 
1   -39.442   -3.101    7.953 
1   -69.423  -31.936   -2.936 
