1    -4.632  -13.936  -13.448 
1    -7.718  -23.247   -6.272 
1    -8.342  -23.670   -3.940 
1    -7.129  -25.250   -3.536 
1    -8.451  -23.264   -0.622 
1    -5.479  -12.033    7.713 
1   -11.004  -15.582    7.617 
1   -12.832  -21.201    3.675 
1   -16.515  -21.884   -0.972 
1   -13.093  -23.330   -5.143 
1    -9.920  -18.346  -12.684 
1   -21.863  -11.258   -3.551 
1    -9.684   -0.942   -8.730 
1   -10.750   -0.287   -6.069 
1   -11.266   -0.105   -2.372 
1   -21.848  -11.900   -3.776 






