1   -12.563  -12.274  -11.401 
1   -15.596  -21.951   -6.115 
1   -17.445  -22.888   -2.569 
1   -15.763  -24.553   -2.305 
1   -16.639  -22.734    0.334 
1   -12.823  -12.100    9.342 
1   -18.781  -15.156    8.991 
1   -23.272  -20.286    3.278 
1   -25.434  -20.145   -0.469 
1   -21.606  -22.141   -4.637 
1   -17.467  -15.981  -11.687 
1   -29.110   -8.665   -1.770 
1   -15.539    0.363   -5.339 
1   -16.592    1.196   -1.684 
1   -16.838    0.676    0.997 
1   -29.168   -9.528   -1.640 