1   -12.787  -12.802  -11.358 
1   -16.686  -22.077   -5.426 
1   -17.785  -22.624   -2.342 
1   -15.852  -24.243   -2.234 
1   -17.579  -21.938    3.671 
1   -14.415  -11.112    9.942 
1   -19.847  -16.106    8.625 
1   -22.712  -21.516    0.291 
1   -25.837  -18.815   -3.579 
1   -21.168  -19.531   -8.161 
1   -17.034  -13.172  -11.987 
1   -29.094   -8.102   -1.620 
1   -14.479    1.374   -2.356 
1   -15.185    1.223    0.633 
1   -15.360    0.097    3.997 
1   -29.046   -8.337   -1.642