1   -16.923  -31.060  -30.421 
1   -27.504  -55.223  -15.613 
1   -30.342  -55.816   -9.955 
1   -26.271  -59.987   -9.420 
1   -27.698  -55.998   -1.938 
1   -19.113  -31.288   20.647 
1   -32.781  -36.682   20.192 
1   -38.482  -52.849    6.240 
1   -48.908  -49.880   -4.782 
1   -40.081  -52.857  -14.804 
1   -31.687  -37.755  -29.899 
1   -58.185  -23.230   -6.723 
1   -29.153    1.895  -14.857 
1   -29.518    3.317   -7.780 
1   -31.693    2.793    1.008 
1   -58.220  -24.192   -5.753 