1   -21.781  -34.914  -28.789 
1   -30.470  -60.508  -13.769 
1   -33.257  -61.505   -7.163 
1   -29.086  -65.509   -6.740 
1   -33.116  -61.192   -0.041 
1   -25.750  -35.296   22.928 
1   -37.451  -43.699   21.655 
1   -43.708  -58.149    9.211 
1   -55.449  -55.963   -1.676 
1   -43.637  -60.265  -12.463 
1   -34.890  -42.257  -30.371 
1   -65.731  -32.480   -4.613 
1   -35.572   -3.338  -15.554 
1   -41.235   -1.778   -4.909 
1   -41.809   -2.687    4.079 
1   -65.762  -31.391   -6.184